P 10.602524 11.705475 0 51 4
P 15.415882 4.920483 1 100 5
P 5.789165 18.490467 2 100 5
P 7.029037 15.575592 0 38 2
P 14.176010 7.835358 0 38 2
P 6.015611 8.769104 0 3 3
P 15.189436 14.641845 0 3 3
P 7.119308 17.067083 0 39 1
P 14.085740 6.343866 0 39 1
P 9.436237 7.907280 0 9 1
P 11.768811 15.503670 0 9 1
P 15.901320 9.612687 0 50 2
P 5.303728 13.798263 0 50 2
P 2.296125 23.410950 0 87 5
P 18.908923 0.000000 0 87 5
P 1.511920 3.596482 0 41 1
P 19.693128 19.814468 0 41 1
P 12.464485 17.965592 0 10 3
P 8.740562 5.445358 0 10 3
P 8.732758 21.527180 0 31 3
P 12.472289 1.883770 0 31 3
P 0.000000 14.882972 0 4 4
P 21.205048 8.527978 0 4 4
